Graph:
0 875 593 555 10 436 592 763 346 33 926 56 740 640 110 950 741 833 67 35 380 430 187 591 94 339 258 77 481 16 121 462 717 497 818 605 709 739 34 263 647 425 939 696 320 54 584 136 491 267 77 943 629 805 917 242 88 835 599 993 400 877 713 94 724 93 554 870 214 918 850 220 771 315 248 117 240 237 473 518 602 212 663 936 724 824 597 540 266 578 751 473 67 955 389 435 406 891 869 532 
754 0 921 458 956 645 750 213 675 445 540 356 419 896 598 733 330 966 365 778 666 884 572 11 599 633 393 325 783 275 559 484 190 662 828 669 54 922 532 633 993 136 909 532 188 428 988 873 278 989 326 14 786 865 817 377 431 901 918 128 723 887 873 834 495 195 62 649 17 360 777 612 778 853 478 377 461 762 867 852 569 698 952 448 472 709 441 118 623 464 296 724 291 191 541 340 687 468 23 122 
361 230 0 417 378 219 762 598 904 212 922 47 999 817 680 732 694 626 934 664 248 636 293 837 237 500 686 787 704 856 550 382 393 612 904 217 712 483 93 472 445 490 754 568 128 866 171 462 259 500 68 958 784 870 212 454 525 227 538 287 308 916 647 904 755 354 245 138 974 21 482 993 106 198 495 380 697 396 148 486 111 557 992 774 278 474 521 567 324 203 619 234 620 584 345 33 148 899 162 3 
318 696 150 0 648 648 360 225 550 488 874 894 713 787 829 818 171 631 992 784 659 737 368 820 816 958 659 902 431 114 625 66 496 762 229 80 559 790 742 344 793 237 656 158 248 174 357 763 645 839 300 372 562 513 936 679 112 808 675 508 840 249 847 270 777 646 395 434 168 102 982 788 152 15 500 132 706 529 143 987 922 826 840 773 39 271 125 567 639 736 935 564 40 312 976 984 325 337 133 217 
598 455 39 646 0 106 188 4 336 104 534 517 42 312 734 562 96 305 392 398 678 472 14 787 4 851 242 614 987 844 439 510 200 952 385 641 26 976 331 652 199 666 150 898 842 518 275 796 732 541 732 797 298 513 754 462 962 841 360 852 652 675 564 232 54 828 710 985 788 344 735 571 178 564 559 232 175 133 793 720 979 809 377 117 926 520 432 352 867 222 35 680 151 918 267 419 796 418 808 46 
236 697 777 285 454 0 674 32 406 665 668 469 170 497 49 359 464 478 541 1 895 873 178 684 846 791 274 408 792 242 851 828 136 942 304 73 110 420 67 175 750 886 513 404 835 178 189 532 406 525 644 394 187 492 17 763 932 34 616 800 606 719 416 789 570 583 730 917 943 462 259 148 228 511 519 289 349 781 121 552 306 109 714 157 436 416 379 180 929 722 185 296 703 645 109 471 399 859 763 545 
802 621 967 18 489 646 0 101 679 132 891 548 635 13 324 158 255 837 166 735 592 590 131 820 928 391 692 215 861 247 761 982 253 358 493 405 797 714 479 920 513 370 299 967 178 409 146 226 527 233 624 209 182 378 351 184 952 944 526 221 784 179 626 963 740 990 557 251 458 769 612 964 549 68 851 7 377 386 352 124 177 981 855 471 335 9 400 552 720 808 526 818 26 942 695 549 846 592 541 372 
915 690 525 500 910 533 48 0 366 963 369 29 682 903 442 192 828 28 478 862 524 41 863 181 790 602 892 451 86 755 653 139 219 176 996 358 159 994 895 808 650 672 429 54 195 584 625 496 105 582 743 739 624 451 540 350 622 335 631 545 550 732 206 41 2 643 141 728 437 792 397 910 974 312 868 896 455 810 533 300 93 259 125 199 879 419 707 984 567 87 322 552 84 520 509 258 919 707 325 327 
81 154 219 390 768 276 395 483 0 441 243 52 635 373 757 596 145 487 47 169 996 369 423 312 115 120 724 635 930 151 122 721 445 954 794 18 336 940 617 234 345 184 598 754 287 239 793 293 693 964 64 225 446 886 421 121 788 444 134 226 348 647 317 667 957 345 53 401 365 0 711 866 323 965 113 642 846 689 272 611 167 139 443 394 854 525 848 566 724 165 816 247 501 261 351 18 779 359 636 66 
656 438 312 622 799 694 944 880 346 0 253 847 645 937 217 703 829 901 914 704 514 403 558 913 752 430 225 389 372 79 253 649 65 908 562 41 456 388 352 560 886 57 425 115 383 874 853 717 535 410 216 828 920 85 940 800 650 653 671 142 476 186 109 726 707 418 473 164 903 317 971 981 467 14 10 873 314 440 386 984 989 183 386 511 62 535 997 477 757 28 741 559 461 483 572 296 608 64 127 586 
832 75 128 251 559 484 551 790 24 887 0 368 441 676 782 460 190 40 483 477 72 733 412 628 202 798 882 965 168 769 190 197 61 857 80 183 801 840 214 281 677 801 686 563 548 559 6 700 121 850 386 952 340 318 610 681 8 198 327 218 840 581 629 204 485 432 991 179 831 794 707 451 174 839 677 80 371 733 665 323 49 702 247 395 857 761 39 98 941 431 959 829 155 339 845 721 656 366 531 704 
118 791 678 471 938 166 345 646 272 462 359 0 24 951 940 125 177 604 863 458 335 360 553 5 585 539 836 438 438 431 473 765 830 175 971 253 896 704 622 147 754 612 787 644 822 966 584 314 812 75 723 35 136 791 238 980 726 424 424 861 171 588 106 635 691 890 79 135 675 758 443 479 882 940 646 746 494 725 29 319 1 955 292 40 16 298 279 929 16 211 719 229 377 974 93 168 227 948 504 790 
970 268 338 643 577 211 811 819 496 577 295 763 0 909 702 957 541 98 940 796 349 12 511 932 382 951 962 61 383 744 992 688 419 687 5 43 648 770 142 195 270 362 183 653 54 718 461 201 134 262 704 966 868 678 397 728 443 729 372 518 748 438 371 838 62 430 859 892 973 108 788 22 830 184 266 993 310 742 559 12 97 645 880 432 635 616 228 426 131 902 600 409 60 235 492 695 214 65 729 525 
850 694 209 809 151 327 29 442 898 805 172 939 994 0 595 177 971 440 892 592 260 578 841 875 871 259 857 970 422 773 912 786 860 873 289 88 629 225 528 31 744 782 457 879 681 178 70 264 560 81 541 124 261 964 375 995 473 523 288 637 279 213 230 604 709 400 896 322 936 557 842 44 159 498 4 606 151 145 568 572 321 723 40 453 595 559 109 447 663 858 382 544 699 212 162 536 323 753 284 187 
860 859 954 435 990 49 145 894 189 823 918 828 261 358 0 703 9 404 278 111 475 256 523 249 229 711 453 986 982 352 171 289 523 375 1 525 568 178 334 790 539 179 69 453 623 690 291 779 451 160 586 533 166 212 153 851 365 440 300 983 792 454 285 454 394 631 256 52 11 758 978 80 808 862 709 900 586 477 458 321 762 596 217 446 714 871 79 779 695 905 568 67 26 181 864 532 513 577 903 735 
342 490 778 871 936 614 916 204 597 578 603 779 20 704 422 0 73 420 255 711 910 895 884 94 961 235 142 917 326 885 132 160 840 289 517 429 349 518 764 848 19 266 123 445 405 104 774 490 385 234 888 355 922 702 432 335 995 119 545 475 461 967 562 185 495 920 354 579 974 896 334 760 538 878 227 574 991 372 231 567 329 197 353 291 736 270 825 192 828 698 104 518 190 798 558 395 54 679 168 684 
852 475 830 795 2 30 98 568 46 250 912 813 647 214 254 853 0 901 372 211 813 359 945 970 647 404 85 894 124 713 999 191 370 35 27 824 114 116 776 521 515 268 220 403 79 90 425 875 461 987 144 893 238 654 436 402 106 666 430 952 744 709 396 388 124 502 80 847 465 519 998 491 56 145 547 80 213 195 244 759 945 32 697 304 613 586 981 912 278 530 648 768 628 281 143 880 69 553 293 393 
746 571 171 155 282 654 437 502 881 30 440 692 637 91 539 397 122 0 218 601 617 119 196 806 4 43 38 534 590 934 719 119 376 989 168 200 362 214 968 925 741 88 55 418 940 777 429 0 827 223 570 887 915 329 723 249 913 213 103 875 96 253 539 188 969 37 829 710 269 380 38 12 671 417 612 838 603 251 59 700 873 617 647 343 775 166 220 907 144 6 693 974 645 975 90 937 527 277 272 965 
170 570 186 654 548 150 384 721 461 438 887 162 898 478 468 413 716 216 0 905 978 662 449 268 307 559 967 276 581 568 46 344 75 210 506 5 161 463 845 236 291 196 476 113 235 671 585 360 685 771 274 377 479 43 219 66 161 257 672 531 588 630 168 756 469 517 195 543 902 646 839 932 721 217 58 825 480 159 493 960 534 703 596 492 348 531 683 589 112 251 729 624 666 403 951 947 604 482 678 768 
100 50 550 965 89 767 644 492 659 386 912 648 762 65 185 12 96 827 232 0 243 241 882 312 660 966 252 176 382 860 175 454 113 96 408 843 575 197 468 724 949 727 94 444 912 321 742 761 467 935 134 765 300 519 957 496 2 702 456 720 369 172 902 574 136 196 958 822 524 671 236 312 745 148 672 223 179 558 224 299 386 846 630 477 638 352 323 642 154 38 855 997 866 85 179 584 16 403 694 772 
443 982 344 199 168 199 228 480 722 69 67 967 299 89 980 107 394 316 727 781 0 744 559 772 667 974 130 330 701 909 347 368 952 290 19 101 649 720 486 76 360 397 840 184 388 123 710 943 824 223 998 505 82 357 306 756 1 170 636 467 847 514 762 564 419 867 351 496 789 308 734 343 933 894 983 570 319 211 595 572 608 138 979 366 843 25 866 535 356 115 816 724 660 67 593 551 661 510 546 353 
98 34 699 727 503 12 847 557 442 392 159 793 639 493 231 728 784 31 540 7 748 0 452 412 179 717 839 890 165 614 807 472 795 76 633 554 394 141 599 38 825 973 251 924 401 194 867 43 831 428 482 337 60 128 550 187 732 40 67 792 550 838 70 560 743 712 514 59 115 38 952 360 317 821 985 896 792 516 161 19 822 373 44 484 43 300 698 566 986 563 319 11 949 877 282 71 355 236 828 524 
979 187 504 712 94 993 20 646 465 156 802 926 69 442 104 933 178 194 43 322 165 178 0 809 280 900 307 160 789 257 844 433 797 566 412 806 57 951 355 328 246 362 916 627 900 248 798 33 175 355 954 281 904 65 299 5 282 608 512 241 42 695 926 740 340 854 699 542 745 379 222 704 408 969 355 478 809 723 12 254 123 953 222 287 425 830 644 371 868 216 896 564 129 874 711 379 57 197 245 610 
572 310 47 737 977 946 400 957 684 51 343 311 482 340 279 685 933 732 588 422 528 455 559 0 906 722 768 504 114 209 442 965 4 270 339 310 15 521 990 226 308 475 854 665 584 88 908 621 210 313 270 763 922 677 842 674 391 351 538 589 612 438 703 104 638 377 477 865 78 508 124 267 724 100 459 391 674 635 885 233 363 855 714 416 618 247 917 569 145 999 920 764 305 773 630 977 521 86 172 361 
431 382 917 178 781 96 225 527 171 955 881 508 780 704 516 540 372 969 273 244 251 127 698 803 0 190 655 56 888 662 859 507 883 559 406 411 743 34 428 792 285 406 416 514 251 886 610 888 431 240 550 954 191 238 775 434 72 522 69 763 473 451 372 298 888 536 355 883 589 412 958 864 396 355 954 875 46 714 739 316 607 871 285 178 811 968 879 634 957 933 424 926 931 716 434 785 626 308 358 281 
102 194 456 990 702 275 64 64 433 607 42 820 905 228 766 901 914 11 328 275 782 320 826 417 415 0 88 433 114 6 814 449 345 227 887 836 432 727 801 394 180 336 782 600 40 427 366 885 35 562 50 275 569 752 101 363 511 658 183 773 298 620 349 435 912 533 177 896 264 3 109 506 391 370 688 410 425 760 649 313 141 313 847 380 697 892 724 438 572 878 529 880 185 466 590 329 304 122 964 336 
565 515 153 724 158 530 211 767 398 660 547 227 210 775 988 670 154 855 631 25 700 396 787 687 749 84 0 514 328 243 181 43 316 593 441 929 543 925 330 992 245 601 763 322 898 359 207 494 899 69 529 945 571 326 144 412 884 555 240 963 267 721 281 932 338 164 43 327 61 704 759 669 920 662 592 727 133 287 381 402 184 388 3 401 283 172 376 818 575 7 358 118 242 29 912 184 732 462 238 758 
127 706 754 411 995 246 648 36 215 915 938 204 204 234 93 361 90 463 28 58 765 651 344 774 592 761 922 0 187 807 724 468 996 895 530 159 829 723 589 801 185 602 455 476 367 300 856 699 136 755 157 446 847 579 865 826 329 84 819 979 816 703 253 123 64 409 701 95 728 16 5 41 913 27 18 936 152 343 954 339 365 371 488 495 123 509 110 860 766 95 715 495 898 948 315 302 565 476 402 69 
549 309 693 172 545 270 532 792 347 841 594 929 316 78 635 281 512 295 359 223 21 654 720 737 28 689 981 728 0 182 539 742 96 394 303 46 573 498 39 517 939 391 831 934 27 884 686 90 111 739 114 922 589 570 686 319 89 766 203 994 514 500 552 39 966 140 551 610 253 49 270 742 277 796 341 348 336 272 120 899 342 18 246 897 227 651 98 124 632 982 520 304 130 708 725 718 353 443 15 179 
156 606 321 342 948 203 931 67 266 209 476 547 712 619 753 850 76 957 619 236 614 114 452 592 754 778 187 779 471 0 281 513 225 541 523 143 921 650 936 119 224 186 138 756 568 941 668 711 239 723 488 349 846 345 701 545 311 763 746 174 892 13 982 856 554 86 3 599 832 148 166 793 994 620 587 526 209 486 365 248 639 861 352 503 575 457 4 871 202 296 890 277 648 966 641 216 968 354 724 954 
997 496 925 540 141 873 909 732 771 79 25 324 986 576 479 672 676 988 820 35 405 909 188 173 519 993 42 720 285 486 0 249 471 623 107 189 138 870 438 940 239 607 414 397 541 250 847 851 947 948 646 346 380 65 241 252 613 627 803 799 63 409 119 404 337 27 266 270 17 273 411 647 5 303 232 517 211 129 303 876 442 56 164 617 687 533 941 305 297 823 126 872 30 678 3 488 399 977 945 257 
816 586 800 504 784 70 826 559 333 801 475 727 942 62 196 251 118 660 854 187 279 925 917 765 397 406 894 542 194 951 391 0 593 341 13 398 849 418 549 414 87 58 761 136 842 613 441 558 797 389 412 215 363 167 718 152 649 933 770 355 201 820 738 505 420 969 604 774 442 810 728 767 302 34 329 971 607 539 831 638 86 593 691 812 551 563 331 832 356 319 141 70 956 473 909 352 890 587 213 59 
80 319 223 281 873 917 447 805 572 458 299 262 830 471 667 668 389 836 683 263 463 789 170 85 43 784 959 880 964 846 822 570 0 79 983 792 180 16 575 361 253 451 7 558 512 96 509 748 851 826 409 401 802 944 341 453 650 980 846 619 885 618 179 836 204 838 797 906 88 347 101 247 176 185 334 666 905 731 159 992 412 271 275 356 72 868 718 649 455 205 166 588 567 453 29 278 750 593 810 896 
819 36 833 605 280 921 212 79 815 339 881 231 665 942 641 989 426 370 760 371 141 600 315 563 18 26 913 267 332 28 375 496 480 0 814 696 411 76 554 784 999 530 694 256 281 284 37 30 860 186 326 484 799 667 570 16 683 887 202 283 592 298 151 942 881 415 26 537 871 23 344 844 357 10 520 830 722 763 444 421 819 98 104 592 802 960 602 394 98 603 458 518 119 33 791 678 358 883 613 526 
933 52 96 938 996 636 375 367 153 625 246 640 347 12 108 780 202 284 857 432 497 716 250 577 451 698 854 724 57 488 448 91 842 53 0 964 64 990 398 85 79 525 933 771 66 288 684 148 525 766 377 872 271 773 857 424 129 534 569 849 644 285 632 644 886 597 236 931 301 435 367 478 716 110 438 960 687 33 493 125 556 357 696 715 82 670 875 98 453 404 846 860 247 532 917 2 402 877 387 3 
712 669 499 148 645 137 245 794 478 606 854 985 29 925 637 545 620 734 876 465 343 150 301 801 491 772 59 288 919 753 558 534 584 21 202 0 525 168 487 755 64 878 607 830 587 330 819 91 694 479 205 966 708 6 385 122 194 460 968 619 211 507 290 422 519 949 563 86 892 285 428 638 224 52 334 285 544 401 21 355 579 705 666 215 6 670 580 98 966 992 265 773 518 31 716 803 551 178 403 371 
389 660 546 64 83 799 245 764 288 128 762 22 958 114 121 628 857 909 519 682 445 495 403 119 465 38 484 272 903 671 835 576 591 21 92 802 0 554 84 283 653 534 140 21 636 457 391 331 960 7 612 238 11 166 604 939 59 442 849 39 963 974 807 195 679 132 346 501 18 200 23 140 222 452 263 253 339 585 616 992 285 224 473 674 179 837 333 641 341 444 550 188 770 242 258 83 480 514 576 114 
579 984 689 207 183 462 940 857 895 993 799 51 2 345 156 903 31 859 914 312 975 785 105 647 351 273 151 175 107 275 250 100 275 746 567 302 814 0 156 496 534 495 884 859 694 704 914 615 381 778 310 87 461 441 885 305 807 799 551 259 340 525 288 183 701 725 448 314 702 163 944 932 939 98 551 447 253 508 508 479 525 91 995 78 423 90 81 544 343 818 700 920 851 855 984 951 646 994 865 791 
12 111 95 279 172 255 875 821 37 0 387 98 40 943 459 403 415 532 767 464 31 505 527 813 871 22 863 566 269 213 281 276 417 699 10 463 312 958 0 732 719 206 75 537 976 696 110 121 451 150 140 536 655 64 573 90 150 79 696 961 239 898 196 292 117 489 460 511 475 934 484 634 640 331 607 388 461 355 44 185 778 902 63 213 485 957 633 362 792 641 285 117 842 1 179 186 992 900 718 553 
170 75 594 220 461 162 448 327 436 229 188 659 883 148 871 620 712 60 260 540 909 668 467 611 865 670 247 779 372 224 992 554 238 436 136 665 461 920 979 0 749 777 579 626 270 31 942 590 246 172 726 492 476 809 295 185 927 560 251 646 67 873 424 571 227 396 21 530 590 355 576 515 125 109 630 732 996 887 467 733 925 381 629 113 322 892 516 353 846 146 774 769 272 272 363 629 689 440 679 899 
980 585 802 303 597 811 646 601 872 870 146 990 294 536 176 780 157 514 263 950 205 877 915 306 675 398 177 794 576 928 826 764 647 266 480 803 688 382 738 182 0 910 170 808 327 550 835 92 92 796 368 458 716 794 73 412 167 295 282 139 244 895 968 907 535 695 392 958 251 140 933 738 398 416 253 146 389 480 10 236 363 960 878 550 638 448 647 612 690 670 33 857 608 962 297 63 266 980 86 829 
14 916 390 378 301 369 154 575 671 597 116 649 26 391 57 691 474 325 753 726 987 544 776 876 547 563 432 866 602 796 402 245 217 28 563 293 223 890 632 224 780 0 68 647 779 738 194 650 212 514 542 965 372 885 295 278 329 236 82 542 118 407 530 965 778 702 362 299 686 333 834 794 6 40 540 280 499 463 948 701 379 196 626 812 903 469 377 176 411 524 965 176 766 313 795 981 568 250 496 218 
198 976 667 657 914 262 519 62 780 130 452 791 214 28 204 201 682 927 70 123 345 666 197 292 781 113 409 678 615 508 469 227 612 868 16 189 170 719 826 163 591 746 0 955 975 364 714 271 678 241 922 833 105 598 226 309 15 773 389 524 691 418 241 548 663 186 285 951 990 784 981 406 864 305 682 515 684 862 978 424 394 668 811 579 55 192 205 760 441 434 411 102 541 476 391 363 337 604 377 925 
399 33 656 407 871 294 928 473 411 632 123 370 209 132 169 922 63 526 584 881 299 934 894 626 583 341 463 650 701 726 610 970 209 656 744 825 680 713 83 690 580 96 168 0 878 372 21 244 402 792 864 244 944 468 622 817 420 375 170 836 283 839 837 312 862 879 266 415 183 936 919 692 29 31 764 273 860 689 573 821 8 679 731 605 454 612 137 660 671 218 83 88 786 154 497 591 709 258 320 910 
697 506 613 791 607 380 207 718 542 639 780 672 190 60 437 23 337 583 299 450 712 15 965 951 225 905 668 708 644 876 533 623 193 432 367 607 79 688 375 175 253 83 815 249 0 926 875 448 725 177 430 940 417 490 738 818 856 263 665 943 39 510 840 445 139 796 18 571 560 774 602 327 252 458 678 465 62 862 354 779 66 883 208 699 857 409 95 652 395 184 347 975 487 270 372 551 141 520 481 69 
640 352 601 874 492 211 661 99 255 275 423 73 821 286 698 110 627 131 142 929 637 139 875 741 249 754 660 400 846 565 616 678 350 281 904 133 601 829 740 623 49 670 1 544 938 0 238 572 844 598 231 869 684 528 916 468 468 363 321 533 761 83 236 475 590 566 716 619 897 742 952 467 578 1 21 66 967 143 619 565 182 372 859 957 632 835 882 195 40 966 545 665 83 156 573 818 817 302 606 620 
900 552 903 866 265 560 213 172 764 546 652 8 748 393 209 674 516 450 634 335 467 383 38 886 579 406 840 760 162 279 522 483 811 555 979 612 32 903 231 568 345 663 894 369 642 688 0 165 807 558 453 855 263 542 276 967 52 729 807 553 320 593 910 937 581 927 80 68 871 526 349 810 881 893 240 734 959 920 468 436 533 102 973 405 385 842 186 79 568 507 213 530 428 271 915 149 348 718 619 306 
362 193 552 628 994 42 47 558 491 285 753 766 628 933 518 790 370 579 885 114 348 390 715 748 475 847 34 365 987 101 204 422 599 612 223 814 983 543 348 340 859 642 467 942 518 59 761 0 950 388 325 875 187 912 685 502 29 146 675 406 159 805 771 79 128 155 825 504 401 294 7 534 918 493 791 612 619 855 347 286 35 50 109 689 352 52 919 644 688 744 32 413 785 829 722 783 350 708 718 871 
244 936 105 378 445 764 260 171 661 101 847 42 215 134 334 294 50 51 95 939 895 915 749 411 50 625 525 420 471 515 751 833 17 173 171 264 576 640 574 15 489 735 672 764 799 423 19 786 0 508 678 800 939 572 355 384 114 373 617 917 215 801 857 299 634 442 582 70 728 482 934 144 844 900 39 119 988 772 748 494 24 875 530 840 283 245 825 161 613 27 99 606 288 524 173 813 128 79 723 881 
948 774 149 584 243 333 153 764 652 628 11 333 55 394 80 33 675 402 884 613 254 821 369 607 51 376 540 46 430 254 221 725 884 324 783 94 106 952 958 440 641 435 498 352 80 810 189 896 115 0 650 620 917 600 100 255 653 202 264 28 491 497 842 579 12 642 225 971 870 220 462 715 812 359 238 39 894 445 287 16 917 550 868 589 526 187 265 491 113 447 802 819 556 89 446 50 482 154 313 179 
613 138 73 746 583 775 243 286 998 906 18 345 443 373 194 835 324 983 186 74 669 784 122 888 306 677 426 43 883 346 782 233 237 632 16 81 825 385 368 778 814 414 440 919 899 997 466 888 165 742 0 68 229 470 802 56 512 743 990 816 790 334 370 222 702 44 273 764 668 277 444 655 915 924 916 905 812 431 751 791 501 374 963 187 731 802 297 771 795 426 326 982 155 32 431 886 722 101 554 675 
177 13 184 783 861 202 281 302 45 612 778 363 323 106 328 396 220 463 149 679 650 926 304 890 603 535 680 749 457 122 554 406 821 818 49 42 241 137 339 305 267 876 201 877 345 831 866 216 428 618 182 0 164 733 641 811 389 389 794 834 876 924 808 146 184 809 824 55 545 495 354 842 210 775 462 818 426 514 178 87 829 541 23 758 804 355 552 889 894 97 225 602 899 534 738 632 520 603 411 104 
755 937 600 890 453 543 216 113 31 810 860 242 888 932 817 836 619 354 409 187 104 834 60 675 628 235 918 474 635 27 31 63 10 727 951 319 863 590 488 77 756 95 835 712 436 805 177 123 418 808 112 515 0 903 128 220 672 503 949 341 682 816 686 376 409 745 362 559 150 456 666 205 109 457 426 867 959 684 70 65 526 744 530 355 164 849 814 819 370 826 734 279 27 111 948 316 558 353 564 379 
223 400 63 910 226 329 443 829 883 641 845 399 388 470 862 203 151 94 241 35 839 194 468 597 319 843 143 905 624 38 529 691 846 725 118 97 892 642 406 574 670 961 197 558 453 913 741 32 286 828 818 894 4 0 348 945 370 474 314 966 791 603 273 621 650 789 38 679 592 136 434 856 912 307 664 515 179 596 763 441 157 544 463 929 165 767 296 902 759 25 172 103 998 52 768 155 301 625 943 469 
49 608 10 913 889 576 442 670 990 561 883 60 899 450 755 465 996 465 250 216 317 731 548 186 20 860 405 265 611 720 895 588 216 41 9 357 513 113 797 667 251 476 353 664 857 543 801 557 16 39 651 190 990 422 0 602 985 470 222 627 891 302 343 629 897 573 344 124 336 683 613 537 405 725 892 291 23 689 129 688 67 446 12 596 546 787 102 646 514 96 649 665 365 837 783 719 475 118 535 225 
464 642 143 683 621 200 436 396 487 477 384 226 794 38 995 641 906 220 543 786 224 822 696 947 971 19 332 82 442 196 794 746 635 743 154 713 994 923 687 619 1 520 762 432 861 502 29 69 990 830 671 939 775 68 360 0 192 475 249 553 306 512 770 182 148 27 578 921 134 418 171 857 172 570 159 486 55 688 780 504 373 386 342 448 781 274 689 958 149 245 993 858 978 815 22 315 64 204 943 730 
710 890 197 870 586 685 804 241 558 486 980 487 254 944 205 166 7 484 349 772 493 871 561 167 951 229 783 667 429 366 993 362 205 568 315 197 44 273 219 282 983 748 604 680 374 61 352 496 248 793 111 188 565 254 769 359 0 870 136 343 241 586 703 131 483 127 449 333 500 904 381 753 838 710 832 460 846 647 842 108 750 24 394 547 755 493 25 332 242 209 553 856 356 831 43 373 572 282 431 385 
710 187 61 347 124 175 26 584 865 949 102 554 103 235 312 669 584 74 757 792 989 302 109 28 792 537 770 535 936 973 929 355 536 814 925 222 430 566 832 740 255 901 551 618 461 435 528 561 720 311 394 928 939 848 285 845 316 0 652 16 644 776 543 28 458 767 724 455 168 289 789 855 780 113 232 955 216 626 686 341 405 16 501 19 941 716 206 493 281 836 435 465 271 681 104 947 59 811 351 527 
627 476 401 453 461 508 398 559 582 789 503 953 414 302 395 839 210 501 491 666 933 735 375 290 227 518 106 904 569 226 966 980 946 744 579 232 640 819 264 58 439 270 406 879 279 405 557 572 699 826 850 480 919 283 893 112 692 285 0 131 448 456 9 507 259 550 335 173 365 70 683 295 95 804 968 78 535 926 386 358 650 420 116 52 603 956 681 604 204 696 237 131 355 806 210 60 123 177 622 989 
649 761 956 514 474 140 647 393 628 18 154 611 651 353 308 799 546 137 119 992 108 262 289 898 597 83 483 129 490 627 404 572 961 837 10 302 402 171 162 110 495 911 983 374 710 98 588 162 241 959 618 422 261 160 33 203 865 266 312 0 123 870 545 493 756 562 680 413 960 876 69 150 211 561 448 756 313 358 627 3 613 667 211 850 112 975 789 600 720 350 11 699 844 395 927 918 858 113 919 732 
220 40 882 713 519 634 716 17 513 679 242 890 165 478 877 870 995 444 265 299 333 238 131 151 296 432 437 93 455 832 897 93 627 54 588 729 149 473 613 471 76 247 687 832 689 227 996 758 898 865 467 70 856 809 982 928 280 62 718 334 0 89 600 336 968 940 110 294 432 201 329 956 91 696 766 261 11 266 716 885 985 882 346 842 611 144 325 65 30 195 944 236 364 778 891 936 38 986 66 768 
896 996 276 54 463 727 409 251 220 376 159 701 422 45 576 147 820 418 11 815 629 577 300 134 454 420 992 204 668 552 599 161 495 280 273 770 411 455 310 542 430 843 974 837 412 501 816 966 964 675 920 867 712 433 819 958 80 221 752 550 477 0 165 120 964 506 970 930 487 252 695 560 53 654 700 609 425 760 172 925 362 314 957 627 877 549 175 727 921 76 895 996 75 558 826 408 213 5 764 307 
274 853 349 577 621 29 457 442 224 752 60 675 828 450 395 938 117 95 103 97 207 538 596 211 379 564 185 367 986 724 781 488 540 503 546 16 970 588 10 54 518 13 983 710 591 409 841 817 609 266 236 132 526 0 948 894 686 0 519 560 878 506 0 279 135 817 775 873 520 601 565 75 116 302 6 663 269 752 988 945 781 505 669 46 514 935 559 66 960 407 838 657 133 360 167 411 390 57 38 884 
236 610 880 907 744 782 955 847 571 11 314 513 3 556 23 343 971 793 728 81 494 782 279 232 241 224 353 110 73 685 106 294 402 489 82 269 137 964 318 548 296 500 597 824 980 642 376 814 150 585 755 476 744 510 697 676 679 802 198 544 297 984 16 0 981 45 559 897 743 121 754 292 45 563 219 699 435 474 378 92 484 516 977 809 651 191 902 245 385 597 799 195 40 394 139 313 856 869 153 368 
983 118 1 124 703 374 232 366 380 726 424 970 71 581 181 263 196 227 999 103 597 166 441 522 285 372 714 108 239 743 752 844 954 472 219 650 881 703 122 296 829 56 771 290 655 583 382 342 814 54 647 169 746 670 969 192 997 463 962 769 747 516 320 559 0 142 617 913 792 797 956 602 176 406 308 946 149 86 758 626 934 814 478 722 324 929 561 941 713 626 116 672 484 515 347 149 46 978 344 346 
699 136 996 668 12 2 443 421 910 226 849 166 879 395 899 283 652 760 682 388 380 281 435 581 67 539 394 229 625 949 179 474 104 977 591 575 750 942 811 726 899 636 846 834 578 311 510 699 852 91 742 775 454 573 815 103 306 897 977 466 596 966 449 712 65 0 150 607 108 247 615 993 23 862 801 945 23 366 559 419 576 354 973 617 532 460 187 675 376 168 358 503 127 806 622 980 355 511 815 486 
633 885 934 513 983 872 692 937 678 689 396 638 725 359 443 161 985 706 26 868 799 932 632 504 892 128 455 787 431 66 903 539 333 290 861 125 751 244 359 745 129 684 514 587 553 84 534 569 813 267 701 547 317 528 635 19 212 365 252 861 875 998 431 238 44 168 0 260 974 622 500 455 699 468 540 288 648 239 630 849 899 189 398 58 890 755 740 139 774 118 415 877 206 459 887 407 794 679 29 254 
764 93 548 548 314 776 350 406 89 259 252 367 191 330 867 282 758 732 141 429 378 23 313 889 77 530 11 557 167 181 548 101 982 918 219 388 124 795 594 235 105 819 116 292 986 555 311 186 561 415 488 843 767 126 768 435 586 537 832 818 195 418 487 95 119 606 283 0 152 465 949 960 913 610 766 421 841 686 930 224 734 362 424 796 520 20 915 152 589 414 978 905 669 713 420 177 428 956 703 181 
624 958 679 249 399 26 781 802 247 351 461 588 253 567 181 94 542 25 109 886 189 778 346 76 231 468 350 829 134 975 890 826 37 544 450 842 776 410 695 761 17 656 300 175 543 644 86 555 299 84 839 364 845 140 365 222 628 396 722 586 225 749 12 13 176 615 897 591 0 768 414 106 991 213 185 808 308 685 694 824 545 836 758 259 855 367 268 768 180 626 358 983 396 569 984 55 809 409 844 971 
441 12 45 179 316 692 324 438 580 152 545 924 303 45 690 765 959 986 210 749 336 918 611 315 933 759 440 137 550 361 439 925 620 32 611 445 122 490 862 682 125 499 451 445 753 19 155 563 976 727 113 624 647 953 336 472 686 342 458 380 68 920 707 404 88 820 873 708 551 0 100 281 342 466 776 65 662 636 709 320 879 134 512 327 924 431 564 451 970 321 86 191 641 780 273 177 438 105 781 634 
157 883 970 233 821 860 943 839 709 984 978 429 574 990 381 51 170 70 770 79 821 934 882 163 460 954 569 510 27 576 863 667 423 145 871 907 753 793 569 568 898 823 183 714 392 375 233 751 948 353 326 877 829 424 939 760 466 164 109 541 177 868 246 215 7 773 552 956 582 834 0 750 565 829 629 643 761 187 808 642 34 400 657 373 588 278 773 746 223 439 480 158 331 354 0 51 870 185 201 510 
470 675 12 322 725 903 118 380 720 353 398 222 283 905 774 528 973 767 817 438 211 94 988 333 323 660 70 802 287 303 358 685 17 471 769 450 620 556 177 318 987 647 510 32 824 499 611 359 432 83 938 72 992 900 707 493 437 281 187 793 756 345 724 152 132 147 491 501 160 75 740 0 941 205 417 690 437 686 110 408 61 312 881 332 794 514 661 242 248 81 75 399 714 346 886 424 209 322 180 126 
701 636 513 877 652 338 659 611 287 570 411 871 742 671 977 744 464 620 816 96 436 992 83 919 242 371 690 22 720 815 123 59 735 790 541 178 542 165 506 312 247 281 249 161 468 955 234 592 96 134 202 854 628 971 718 824 818 965 70 435 953 102 678 293 456 376 850 493 575 508 22 972 0 747 930 897 693 485 202 639 390 949 320 860 673 844 482 869 7 566 881 734 163 910 523 9 51 919 325 244 
922 411 562 475 183 804 47 925 885 13 61 398 890 46 369 910 150 232 760 388 289 362 919 319 769 884 746 526 143 569 173 732 372 294 104 700 678 373 263 137 986 433 377 252 547 798 330 72 308 355 8 797 807 604 712 208 29 202 668 22 772 71 302 242 888 812 131 76 249 546 929 183 6 0 189 528 174 699 214 24 527 284 273 300 782 140 455 609 0 777 298 599 529 976 658 510 673 613 551 897 
957 374 55 397 207 153 39 444 945 354 529 454 985 378 607 210 594 275 112 947 236 619 222 731 828 52 273 497 581 78 850 765 303 441 320 978 45 893 652 300 698 388 253 753 854 420 317 513 687 807 336 629 275 436 806 731 991 46 384 621 261 155 921 533 526 854 775 729 205 704 166 56 173 226 0 161 192 52 63 995 277 657 7 119 136 79 504 370 465 827 535 353 856 472 791 450 499 485 974 295 
400 598 811 932 296 691 221 203 148 840 105 311 983 4 121 640 475 913 300 138 580 533 19 558 34 816 45 4 609 277 102 786 481 879 568 165 362 737 997 780 603 153 756 217 983 118 154 933 326 981 64 598 382 68 226 503 413 999 428 731 711 550 247 495 495 547 496 873 734 22 794 813 761 966 971 0 505 511 819 267 236 418 467 266 863 676 891 45 336 50 393 26 619 986 105 59 11 140 833 735 
382 473 444 963 694 830 921 484 257 419 91 514 462 963 670 371 801 999 742 674 462 795 530 627 89 411 798 606 224 462 687 41 526 310 161 844 4 326 914 210 948 306 726 541 160 405 575 670 333 188 815 119 766 537 756 67 834 743 252 437 106 117 521 720 15 878 688 411 844 169 144 986 477 664 830 13 0 578 777 790 813 465 433 561 126 900 381 438 790 244 211 241 395 489 648 769 603 451 595 914 
593 836 621 145 908 790 20 213 307 76 661 106 866 747 486 198 416 1 989 450 585 837 133 662 25 307 55 498 510 790 259 12 797 779 165 949 762 715 588 431 320 19 874 757 37 623 784 150 640 612 293 56 328 161 588 95 99 776 829 893 562 859 258 130 894 558 799 182 607 956 509 386 570 673 942 391 51 0 218 416 315 993 523 108 736 228 614 464 974 172 542 322 362 371 747 344 695 546 679 377 
657 901 892 793 651 987 843 363 885 527 744 19 408 967 720 338 323 667 567 478 781 430 742 154 383 159 874 39 78 116 905 515 787 840 158 620 858 177 657 992 189 603 240 107 738 930 417 74 931 884 529 195 440 738 878 130 818 430 326 239 52 488 919 837 474 927 333 193 361 569 364 146 755 908 221 744 920 588 0 514 228 86 828 428 761 565 821 384 700 927 186 701 60 402 67 869 508 535 434 436 
855 541 37 214 356 226 719 657 640 753 953 932 144 567 177 240 325 852 79 549 464 953 42 737 686 629 651 662 148 844 314 835 291 187 827 167 956 413 551 853 852 631 689 898 427 652 922 532 169 387 101 410 943 400 953 940 661 766 472 672 647 460 645 985 34 241 605 847 493 192 992 876 922 729 94 782 344 160 278 0 381 520 129 999 64 85 284 470 741 478 917 131 13 901 53 685 444 590 595 293 
595 332 93 630 357 487 415 856 403 184 101 755 862 307 562 324 513 44 987 844 660 289 224 535 315 327 900 371 633 687 982 253 789 661 0 541 196 951 601 223 774 320 700 53 501 855 924 811 361 696 129 501 389 356 839 219 792 506 243 226 557 955 683 680 578 460 420 124 741 88 213 833 802 974 36 210 319 557 849 6 0 962 469 368 406 967 566 152 32 250 880 991 603 230 559 106 206 998 315 511 
674 128 941 602 797 595 281 422 438 557 153 777 23 505 18 900 688 523 99 756 757 395 745 704 320 810 410 409 7 860 696 259 932 455 813 436 117 812 235 561 595 743 707 458 129 338 568 123 316 356 928 659 866 76 581 120 470 598 622 268 100 27 261 603 787 546 253 342 658 353 902 379 373 899 848 654 36 933 831 67 446 0 239 831 81 429 467 899 486 756 477 412 323 968 797 51 863 937 534 624 
680 950 784 298 248 22 656 67 51 306 83 82 173 85 525 86 881 343 29 86 151 667 90 946 605 956 245 58 106 900 645 308 424 13 191 283 381 837 661 141 106 388 634 410 841 453 356 631 649 896 192 164 78 238 837 400 663 874 476 786 197 688 477 297 378 172 36 494 824 84 839 804 662 20 418 198 178 154 782 600 128 442 0 222 449 994 685 692 837 257 933 673 983 786 869 458 616 649 689 693 
619 691 163 50 89 569 607 772 46 469 40 737 125 57 666 193 759 989 212 702 248 403 515 626 22 450 126 500 290 118 194 846 341 677 373 117 237 569 389 23 97 289 558 655 410 713 979 325 228 629 171 720 865 359 832 448 873 940 669 668 942 600 698 284 945 58 648 287 645 499 380 819 502 48 942 972 184 992 487 15 826 735 939 0 947 172 776 516 465 420 94 25 808 366 17 999 458 243 385 817 
485 774 859 758 53 420 547 141 848 46 917 164 424 309 553 902 720 696 643 434 485 655 389 364 771 283 19 59 719 603 661 739 948 282 125 11 815 666 802 453 834 201 404 14 51 504 331 77 349 260 933 492 648 202 822 891 437 479 676 972 371 798 403 47 150 121 722 991 233 521 62 880 940 896 661 469 687 241 807 455 128 754 125 419 0 888 388 663 484 923 239 161 530 379 705 274 14 272 800 542 
539 302 352 436 566 331 857 368 836 785 264 751 522 894 470 68 523 216 516 109 220 995 471 910 564 281 666 385 426 555 260 0 236 817 319 963 926 99 605 870 290 727 632 805 421 633 660 864 41 138 542 619 830 221 608 919 499 652 891 405 947 918 419 335 812 285 467 674 592 333 854 29 158 391 621 287 739 9 295 647 464 760 699 298 212 0 520 467 717 748 732 511 164 710 949 857 360 815 880 118 
786 678 973 400 227 621 169 532 634 37 498 191 477 460 391 146 203 260 979 482 314 805 417 807 695 672 982 604 62 788 75 930 510 901 980 475 874 543 662 263 247 909 246 693 473 534 332 48 144 275 755 807 823 108 637 905 608 67 170 94 993 26 429 103 739 477 207 0 842 957 307 819 389 878 655 955 33 347 815 928 282 503 746 501 740 998 0 611 689 47 566 681 4 524 958 530 61 302 252 278 
754 150 764 38 40 644 502 605 51 465 215 175 408 41 191 627 160 542 963 251 692 828 258 947 398 375 555 651 397 603 178 81 611 993 162 277 92 854 407 287 385 334 239 83 149 190 360 22 127 791 267 50 9 594 925 610 730 73 285 428 778 588 720 79 557 933 237 944 286 335 639 604 246 503 845 209 36 832 147 612 925 366 44 78 427 957 46 0 52 394 641 35 964 980 687 977 324 460 721 497 
610 375 41 990 569 668 418 661 455 187 177 549 525 886 350 403 408 424 829 443 345 209 838 15 5 101 976 4 193 902 184 270 772 556 461 745 969 942 493 289 603 441 964 814 8 993 321 742 756 221 303 651 823 456 342 529 967 387 870 977 889 267 106 990 340 306 596 351 266 837 544 239 652 26 924 865 446 755 960 649 266 645 703 319 700 665 230 753 0 751 369 874 257 321 268 12 749 547 473 537 
653 600 347 845 623 982 239 728 950 760 521 951 905 964 582 154 489 738 995 38 13 346 134 499 917 776 373 818 315 305 983 384 129 748 914 902 345 821 100 375 260 584 513 869 349 953 338 677 437 672 78 52 128 697 304 301 218 154 441 620 829 648 620 403 792 559 248 238 552 309 358 865 839 130 277 485 672 762 950 815 843 575 821 543 55 480 440 713 608 0 325 774 907 212 684 762 974 252 912 480 
252 828 862 943 633 292 182 565 378 829 35 10 768 104 108 688 648 862 711 438 342 325 331 206 739 197 252 474 847 301 561 111 735 473 671 821 776 754 325 84 802 703 567 270 433 137 921 908 624 852 263 52 834 946 659 193 898 43 33 792 74 529 552 351 232 619 202 243 295 903 110 716 168 593 65 856 10 435 261 35 217 390 186 112 396 468 894 742 290 329 0 721 646 55 628 776 161 227 809 841 
696 671 767 855 218 810 444 997 560 370 246 705 363 453 124 941 298 136 342 684 497 481 231 558 489 66 349 599 777 801 502 180 160 393 811 851 375 886 297 494 293 34 399 316 755 235 278 605 214 847 140 357 950 658 897 436 410 324 257 489 293 698 376 571 189 285 568 763 742 706 801 649 940 627 281 435 424 860 853 919 875 175 477 392 966 446 98 376 659 762 254 0 254 472 172 299 234 769 670 831 
47 98 435 900 669 77 240 287 312 454 759 510 857 761 187 329 862 73 932 781 70 347 769 129 462 595 996 113 874 778 60 490 995 534 685 827 57 281 408 274 354 751 712 253 54 567 183 973 68 34 948 381 62 211 276 958 532 483 476 980 98 794 195 286 574 34 659 596 644 69 282 285 215 754 397 377 253 362 564 602 378 670 596 160 241 519 883 440 936 631 404 218 0 866 666 221 380 634 138 34 
166 37 376 43 391 262 386 757 278 134 54 532 99 722 97 507 251 187 141 127 550 29 917 714 507 131 208 855 466 37 739 645 778 597 866 418 650 442 865 827 604 72 386 680 495 650 246 347 279 947 479 80 863 833 83 941 592 260 350 770 674 326 278 128 975 820 504 494 997 349 402 743 119 615 90 468 576 815 851 413 65 417 988 958 855 508 1 234 889 811 570 673 922 0 374 466 607 555 542 644 
581 172 31 865 652 289 886 425 722 939 749 247 225 464 270 924 694 784 685 56 160 228 339 840 578 855 722 164 782 210 694 695 954 564 73 864 622 241 25 418 187 681 510 772 946 58 162 688 115 389 261 203 6 884 23 421 650 455 277 12 250 42 558 447 563 924 219 401 565 27 577 846 342 171 468 670 9 652 70 844 832 865 789 613 575 926 131 693 408 957 237 796 786 696 0 480 447 24 4 276 
662 112 713 127 341 848 802 131 251 351 117 359 853 64 373 261 114 1 73 731 536 834 818 85 528 797 642 488 937 501 432 637 786 561 308 720 338 609 216 258 33 623 572 549 953 800 202 440 114 573 47 91 52 127 297 737 342 664 19 817 799 79 259 288 645 46 219 729 147 36 642 917 5 881 780 618 68 153 553 893 27 610 134 232 967 421 487 546 29 633 470 866 588 428 204 0 613 850 616 510 
796 174 898 402 340 267 900 538 677 455 593 135 496 7 121 928 734 646 312 220 836 479 546 194 76 429 383 20 614 933 410 799 249 240 827 561 792 972 330 76 420 507 581 156 463 482 842 908 504 89 498 586 62 840 726 211 914 228 844 15 503 754 227 796 154 356 801 667 321 937 727 181 606 271 161 67 483 175 603 499 727 664 337 506 313 573 90 226 198 153 475 528 118 110 742 287 0 824 250 22 
243 773 102 856 371 60 558 661 380 453 154 731 701 515 681 94 267 191 968 405 457 337 574 226 382 921 764 128 968 333 367 291 279 839 801 502 400 738 848 132 714 82 700 709 326 485 522 304 793 583 206 623 651 874 908 799 853 343 611 253 44 796 731 623 839 266 659 430 611 533 130 357 276 838 476 865 592 332 295 526 895 255 699 247 846 724 484 15 124 490 12 157 440 679 336 915 901 0 767 260 
825 955 632 677 336 264 237 968 923 927 344 910 263 161 216 319 162 736 102 155 551 678 901 185 294 964 165 245 108 9 405 547 963 757 21 527 562 291 888 815 797 472 142 824 773 458 420 495 870 872 37 513 463 619 72 761 88 516 54 405 642 337 874 309 416 842 799 206 340 748 846 422 414 693 653 370 952 363 174 390 700 896 110 250 28 215 924 725 453 757 648 402 502 249 225 634 788 344 0 961 
643 214 73 421 942 644 69 147 487 52 968 827 765 467 85 482 152 516 266 289 1 219 743 72 466 700 542 711 839 961 40 812 510 822 167 726 79 109 585 882 212 718 317 970 219 559 740 264 847 395 25 816 335 941 829 352 662 596 906 428 199 68 966 784 875 374 462 608 719 465 778 604 117 332 3 326 766 880 279 311 175 106 277 93 456 219 704 167 801 899 452 941 739 693 325 878 699 322 486 0 
Vertex --- Distance from start --- Path
(0) --- 0 --- 
(1) --- 50 ---  -> (69) -> (2) -> (64) -> (7) -> (4) -> (0)
(2) --- 17 ---  -> (64) -> (7) -> (4) -> (0)
(3) --- 62 ---  -> (6) -> (22) -> (4) -> (0)
(4) --- 10 ---  -> (0)
(5) --- 52 ---  -> (82) -> (74) -> (99) -> (2) -> (64) -> (7) -> (4) -> (0)
(6) --- 44 ---  -> (22) -> (4) -> (0)
(7) --- 14 ---  -> (4) -> (0)
(8) --- 71 ---  -> (38) -> (0)
(9) --- 33 ---  -> (0)
(10) --- 54 ---  -> (49) -> (36) -> (4) -> (0)
(11) --- 43 ---  -> (7) -> (4) -> (0)
(12) --- 50 ---  -> (37) -> (24) -> (4) -> (0)
(13) --- 52 ---  -> (34) -> (20) -> (99) -> (2) -> (64) -> (7) -> (4) -> (0)
(14) --- 64 ---  -> (81) -> (56) -> (20) -> (99) -> (2) -> (64) -> (7) -> (4) -> (0)
(15) --- 47 ---  -> (19) -> (0)
(16) --- 29 ---  -> (56) -> (20) -> (99) -> (2) -> (64) -> (7) -> (4) -> (0)
(17) --- 42 ---  -> (7) -> (4) -> (0)
(18) --- 40 ---  -> (61) -> (29) -> (0)
(19) --- 35 ---  -> (0)
(20) --- 21 ---  -> (99) -> (2) -> (64) -> (7) -> (4) -> (0)
(21) --- 55 ---  -> (7) -> (4) -> (0)
(22) --- 24 ---  -> (4) -> (0)
(23) --- 48 ---  -> (11) -> (7) -> (4) -> (0)
(24) --- 14 ---  -> (4) -> (0)
(25) --- 48 ---  -> (55) -> (22) -> (4) -> (0)
(26) --- 70 ---  -> (84) -> (35) -> (18) -> (61) -> (29) -> (0)
(27) --- 55 ---  -> (75) -> (6) -> (22) -> (4) -> (0)
(28) --- 53 ---  -> (81) -> (56) -> (20) -> (99) -> (2) -> (64) -> (7) -> (4) -> (0)
(29) --- 16 ---  -> (0)
(30) --- 60 ---  -> (99) -> (2) -> (64) -> (7) -> (4) -> (0)
(31) --- 67 ---  -> (77) -> (85) -> (20) -> (99) -> (2) -> (64) -> (7) -> (4) -> (0)
(32) --- 52 ---  -> (23) -> (11) -> (7) -> (4) -> (0)
(33) --- 43 ---  -> (82) -> (74) -> (99) -> (2) -> (64) -> (7) -> (4) -> (0)
(34) --- 40 ---  -> (20) -> (99) -> (2) -> (64) -> (7) -> (4) -> (0)
(35) --- 45 ---  -> (18) -> (61) -> (29) -> (0)
(36) --- 36 ---  -> (4) -> (0)
(37) --- 48 ---  -> (24) -> (4) -> (0)
(38) --- 34 ---  -> (0)
(39) --- 83 ---  -> (13) -> (34) -> (20) -> (99) -> (2) -> (64) -> (7) -> (4) -> (0)
(40) --- 30 ---  -> (55) -> (22) -> (4) -> (0)
(41) --- 72 ---  -> (64) -> (7) -> (4) -> (0)
(42) --- 55 ---  -> (45) -> (0)
(43) --- 57 ---  -> (36) -> (4) -> (0)
(44) --- 62 ---  -> (88) -> (72) -> (95) -> (34) -> (20) -> (99) -> (2) -> (64) -> (7) -> (4) -> (0)
(45) --- 54 ---  -> (0)
(46) --- 58 ---  -> (55) -> (22) -> (4) -> (0)
(47) --- 57 ---  -> (22) -> (4) -> (0)
(48) --- 83 ---  -> (25) -> (55) -> (22) -> (4) -> (0)
(49) --- 43 ---  -> (36) -> (4) -> (0)
(50) --- 45 ---  -> (99) -> (2) -> (64) -> (7) -> (4) -> (0)
(51) --- 64 ---  -> (1) -> (69) -> (2) -> (64) -> (7) -> (4) -> (0)
(52) --- 47 ---  -> (36) -> (4) -> (0)
(53) --- 51 ---  -> (35) -> (18) -> (61) -> (29) -> (0)
(54) --- 69 ---  -> (5) -> (82) -> (74) -> (99) -> (2) -> (64) -> (7) -> (4) -> (0)
(55) --- 29 ---  -> (22) -> (4) -> (0)
(56) --- 22 ---  -> (20) -> (99) -> (2) -> (64) -> (7) -> (4) -> (0)
(57) --- 69 ---  -> (74) -> (99) -> (2) -> (64) -> (7) -> (4) -> (0)
(58) --- 61 ---  -> (95) -> (34) -> (20) -> (99) -> (2) -> (64) -> (7) -> (4) -> (0)
(59) --- 63 ---  -> (94) -> (55) -> (22) -> (4) -> (0)
(60) --- 66 ---  -> (22) -> (4) -> (0)
(61) --- 29 ---  -> (29) -> (0)
(62) --- 66 ---  -> (68) -> (36) -> (4) -> (0)
(63) --- 55 ---  -> (7) -> (4) -> (0)
(64) --- 16 ---  -> (7) -> (4) -> (0)
(65) --- 56 ---  -> (55) -> (22) -> (4) -> (0)
(66) --- 19 ---  -> (29) -> (0)
(67) --- 114 ---  -> (21) -> (7) -> (4) -> (0)
(68) --- 54 ---  -> (36) -> (4) -> (0)
(69) --- 38 ---  -> (2) -> (64) -> (7) -> (4) -> (0)
(70) --- 59 ---  -> (36) -> (4) -> (0)
(71) --- 54 ---  -> (17) -> (7) -> (4) -> (0)
(72) --- 47 ---  -> (95) -> (34) -> (20) -> (99) -> (2) -> (64) -> (7) -> (4) -> (0)
(73) --- 47 ---  -> (9) -> (0)
(74) --- 23 ---  -> (99) -> (2) -> (64) -> (7) -> (4) -> (0)
(75) --- 51 ---  -> (6) -> (22) -> (4) -> (0)
(76) --- 53 ---  -> (86) -> (29) -> (0)
(77) --- 55 ---  -> (85) -> (20) -> (99) -> (2) -> (64) -> (7) -> (4) -> (0)
(78) --- 36 ---  -> (22) -> (4) -> (0)
(79) --- 50 ---  -> (80) -> (11) -> (7) -> (4) -> (0)
(80) --- 44 ---  -> (11) -> (7) -> (4) -> (0)
(81) --- 46 ---  -> (56) -> (20) -> (99) -> (2) -> (64) -> (7) -> (4) -> (0)
(82) --- 30 ---  -> (74) -> (99) -> (2) -> (64) -> (7) -> (4) -> (0)
(83) --- 77 ---  -> (66) -> (29) -> (0)
(84) --- 51 ---  -> (35) -> (18) -> (61) -> (29) -> (0)
(85) --- 46 ---  -> (20) -> (99) -> (2) -> (64) -> (7) -> (4) -> (0)
(86) --- 20 ---  -> (29) -> (0)
(87) --- 49 ---  -> (97) -> (61) -> (29) -> (0)
(88) --- 54 ---  -> (72) -> (95) -> (34) -> (20) -> (99) -> (2) -> (64) -> (7) -> (4) -> (0)
(89) --- 48 ---  -> (17) -> (7) -> (4) -> (0)
(90) --- 45 ---  -> (4) -> (0)
(91) --- 66 ---  -> (21) -> (7) -> (4) -> (0)
(92) --- 24 ---  -> (86) -> (29) -> (0)
(93) --- 35 ---  -> (38) -> (0)
(94) --- 51 ---  -> (55) -> (22) -> (4) -> (0)
(95) --- 42 ---  -> (34) -> (20) -> (99) -> (2) -> (64) -> (7) -> (4) -> (0)
(96) --- 51 ---  -> (19) -> (0)
(97) --- 34 ---  -> (61) -> (29) -> (0)
(98) --- 48 ---  -> (66) -> (29) -> (0)
(99) --- 20 ---  -> (2) -> (64) -> (7) -> (4) -> (0)
